26598538 95889416 87120229 65419588 48736617 19892813 
87641079 69893039 76440095 79590319 50039355 83304211 
12795717 79821727 75389125 70355066 86134011 16447885 
58304970 61219172 02474536 58797916 34143888 20998057 
21439716 44266156 76141672 96789060 05123300 14235901 
79721812 27074566 48651806 79737648 27799169 10295480 
73432319 46579963 42481109 48077088 63835045 41738802 
42046817 09084509 02103688 63486565 95262515 20243506 
34936323 48837331 28207328 98282707 00594792 45778595 
53358820 37689810 21277750 74310429 65919450 50409968 
41999409 40622080 62177994 01677377 69628674 61872705 
06639963 58325965 39434677 71549902 15387311 38669221 
89778036 74248864 06855454 54956062 96066094 34430094 
76890746 07116306 14001854 74343246 10093501 11725839 
69115239 63245266 29902441 81507257 52334400 39210453 
18647941 86782721 49853438 26057100 74065433 61898880 
19363072 75498277 58760981 84612524 39499722 70496238 
87249378 10821751 74293230 05091808 34100100 99830205 
73746236 15856432 43759606 25483430 08481276 09312363 
89255565 39733160 96825296 33758260 28274936 80405667 
87722090 19887199 89632914 90270078 19693635 01895018 
18865755 64854831 30086171 76855586 53482489 03391364 
17804850 59175946 94694862 31211148 44806962 07548528 
02815941 26002189 66892311 82039888 22082898 38520903 
78062667 87953728 86855219 00107732 31151003 65129905 
83147462 25164830 47516474 26359184 51531648 37104524 
56506444 14149590 10163868 49828857 42025800 92171050 
53928934 19949511 67887260 05286636 85051736 54763076 
44653368 84636709 95616254 75021891 71996682 75832062 
76381772 56411505 24588515 44953979 24700061 87061139 
37235571 64636864 43437920 12035029 40240823 86722821 
02848156 73374184 21289057 11156613 80544869 53319942 
89715841 71290120 58853267 48816331 24965361 06921705 
41366122 95236976 57098823 77892742 62845219 10954490 
20100544 38117587 00044761 85974304 64688354 28518933 
49420035 77450077 80214712 79771009 93090266 37318941 
40871302 79823655 63920241 32628273 96286926 69890505 
11511040 38051460 60458174 92016964 50647742 05760310 
73731462 90985258 49550413 26030152 82813055 29269813 
71412895 99513278 01292266 78891585 34687660 36069325 
03942519 74541729 31705791 43125315 63927040 44015446 
30985930 60192750 22220634 65045064 82251612 86435921 
33645345 79361355 41924643 14870951 60363836 30771698 
75485369 87817190 42131100 36896947 77994489 54079495 
22206122 70472145 62170727 15333230 31410794 22273689 
11165926 85339939 91672787 48707681 54344971 06141483 
85055517 41683928 90341565 00460672 93803262 51938791 
92510382 67722446 51991860 64554119 22743866 09353113 
31276334 21214527 69018699 38855147 09339162 43228153 
48268956 51552088 73543290 75127317 93433533 98859003 
